0.120600 50
904.303210 12
0.006024 67
347.942718 12
0.010900 41
351.660887 12
0.007606 41
348.626461 12
0.007321 42
349.975634 12
0.007091 41
348.051722 12
0.005185 41
347.687363 12
0.010563 41
350.021716 12
0.006912 42
350.346757 12
0.005311 41
346.211063 53
354.290362 12
0.001563 41
351.990013 12
0.005051 42
351.942207 12
0.008128 42
347.330924 12
0.006224 42
354.612562 12
0.002796 42
352.721030 12
0.002854 43
352.035494 12
0.001414 41
350.743149 12
0.004433 41
350.558528 12
0.005936 41
344.009648 54
355.135560 12
0.006020 41
349.320770 12
0.010895 41
352.359842 12
0.008575 41
350.388071 12
0.011213 42
349.357432 12
0.002751 41
348.680636 12
0.009486 41
348.571438 12
0.003151 41
343.499570 54
349.904310 12
0.008130 42
349.005246 12
0.003058 42
352.088573 12
0.011329 42
343.651117 55
343.767154 53
343.823635 53
345.548680 12
0.011696 41
345.854535 12
0.010343 42
345.259148 12
0.009509 41
343.707161 12
0.004307 41
347.780705 12
0.011305 41
350.763887 12
0.009137 42
342.194527 12
0.007416 41
348.274278 53
351.970947 12
0.010011 41
345.883005 54
349.234228 12
0.006454 42
348.619639 12
0.011957 42
349.079254 54
347.607965 12
0.003342 43
346.549702 12
0.005964 42
350.163092 54
351.754363 12
0.001410 42
349.441386 12
0.013861 43
342.822767 12
0.003356 42
344.906497 12
0.008266 42
347.507240 12
0.012026 42
343.009138 55
348.241245 12
0.010335 42
342.899219 12
0.005175 42
346.954162 12
0.010875 42
350.068099 12
0.011522 43
344.000878 12
0.011753 43
342.468253 12
0.008588 43
352.120837 55
344.279078 12
0.003224 44
346.879855 12
